Kuupäev;SO2;NO2;CO;O3;PM10;PM2.5;TEMP;WD10;WS10
"2017-05-31 23:00";1,7;4,9;0,18;66,4;8,9;6,6;10,9;291;0,6
"2017-05-31 22:00";1,1;7,6;0,19;68,4;8,9;7,3;11,6;302;0,9
"2017-05-31 21:00";0,9;7,4;0,25;62,2;8,1;8,8;12,3;299;1,2
"2017-05-31 20:00";0,8;5,8;0,21;68,7;8,9;8,4;13,0;287;0,9
"2017-05-31 19:00";0,7;6,4;0,18;69,1;10,0;8,4;13,3;264;0,7
"2017-05-31 18:00";0,5;8,9;0,18;70,7;11,8;9,2;13,1;250;1,0
"2017-05-31 17:00";0,5;7,5;0,17;78,4;15,5;8,1;14,4;249;1,3
"2017-05-31 16:00";0,7;7,7;0,16;77,5;17,4;7,3;14,5;220;0,9
"2017-05-31 15:00";0,6;8,7;0,16;79,0;14,4;7,0;15,4;212;1,4
"2017-05-31 14:00";0,7;11,6;0,16;78,7;11,8;7,3;15,7;221;1,0
"2017-05-31 13:00";0,7;9,5;0,17;82,4;10,3;7,3;15,2;217;1,1
"2017-05-31 12:00";0,8;9,1;0,17;79,2;8,9;7,0;14,7;232;0,8
"2017-05-31 11:00";0,9;17,4;0,19;60,8;10,0;8,1;12,9;196;1,0
"2017-05-31 10:00";0,7;11,8;0,21;61,0;12,2;8,8;12,2;177;0,7
"2017-05-31 09:00";0,5;13,1;0,19;55,3;13,3;7,7;12,2;174;0,8
"2017-05-31 08:00";0,6;9,5;0,19;54,5;11,8;5,9;12,0;180;0,8
"2017-05-31 07:00";0,4;4,3;0,15;63,2;12,2;5,5;11,8;173;0,9
"2017-05-31 06:00";0,5;3,4;0,16;60,3;14,0;6,6;11,4;157;1,1
"2017-05-31 05:00";0,4;2,9;0,15;59,2;11,1;6,2;11,1;146;1,4
"2017-05-31 04:00";0,4;2,3;0,15;56,9;7,4;5,1;10,4;130;1,0
"2017-05-31 03:00";0,3;1,0;0,15;61,2;6,7;4,4;10,2;112;0,9
"2017-05-31 02:00";0,4;1,5;0,15;61,8;5,9;4,8;10,0;105;0,9
"2017-05-31 01:00";0,5;7,9;0,15;62,0;8,5;7,3;10,2;118;0,8
"2017-05-31 00:00";0,3;7,6;0,16;60,8;13,3;7,3;10,8;32;0,2
"2017-05-30 23:00";0,7;6,2;0,17;69,8;14,8;5,5;12,8;124;0,9
"2017-05-30 22:00";0,8;7,3;0,17;73,6;14,0;5,9;13,2;118;1,1
"2017-05-30 21:00";0,9;13,1;0,19;71,8;14,8;7,3;14,0;97;1,3
"2017-05-30 20:00";1,0;10,2;0,19;76,6;13,3;7,3;14,6;87;1,1
"2017-05-30 19:00";0,4;9,7;0,20;76,1;15,9;5,1;15,1;77;1,0
"2017-05-30 18:00";0,5;8,6;0,16;78,1;17,0;4,4;15,4;87;1,1
"2017-05-30 17:00";0,4;4,7;0,17;83,2;11,8;5,1;15,5;40;0,5
"2017-05-30 16:00";0,3;2,0;0,16;85,1;11,1;4,8;15,1;54;0,8
"2017-05-30 15:00";0,5;2,6;0,16;81,0;13,3;5,5;14,9;52;0,7
"2017-05-30 14:00";1,9;2,4;0,17;86,1;18,5;7,7;14,2;70;0,8
"2017-05-30 13:00";4,3;2,3;0,17;83,4;18,5;7,7;13,5;61;0,8
"2017-05-30 12:00";5,5;3,0;0,16;76,9;14,4;6,6;12,8;25;0,8
"2017-05-30 11:00";5,0;3,4;0,18;70,8;12,9;7,7;11,9;343;1,0
"2017-05-30 10:00";4,2;4,8;0,47;67,3;13,7;7,7;11,8;358;1,0
"2017-05-30 09:00";3,7;4,5;0,16;61,6;18,5;7,3;10,7;15;0,9
"2017-05-30 08:00";2,0;5,9;0,18;52,6;17,7;7,0;9,1;344;1,1
"2017-05-30 07:00";0,5;5,3;0,17;46,2;12,6;6,6;7,3;331;1,2
"2017-05-30 06:00";0,2;5,2;0,18;43,5;10,0;7,3;5,9;325;1,4
"2017-05-30 05:00";0,6;3,6;0,19;45,7;8,5;6,6;6,1;321;1,2
"2017-05-30 04:00";0,2;3,2;0,18;50,4;8,1;6,2;6,8;318;1,1
"2017-05-30 03:00";-0,2;2,0;0,16;52,9;7,0;5,5;7,5;314;1,0
"2017-05-30 02:00";-0,1;1,2;0,15;57,1;7,4;4,0;8,5;337;0,8
"2017-05-30 01:00";-0,1;0,9;0,15;60,4;8,5;4,0;9,6;342;1,4
"2017-05-30 00:00";0,1;1,6;0,15;64,5;9,2;5,5;10,9;355;0,9
"2017-05-29 23:00";0,5;2,9;0,15;66,3;9,6;7,3;12,5;357;0,8
"2017-05-29 22:00";0,5;5,2;0,16;65,8;9,6;8,1;14,0;4;0,5
"2017-05-29 21:00";0,5;3,2;0,15;70,2;9,6;9,2;15,4;21;0,7
"2017-05-29 20:00";0,5;3,2;0,14;75,1;12,9;11,7;16,6;32;1,0
"2017-05-29 19:00";0,7;5,4;0,16;77,9;20,3;10,3;17,3;25;1,0
"2017-05-29 18:00";1,1;5,0;0,17;85,7;21,4;8,8;18,8;10;1,2
"2017-05-29 17:00";0,4;5,6;0,18;94,1;17,4;9,5;20,1;355;1,2
"2017-05-29 16:00";0,5;6,1;0,18;104,1;17,4;8,4;20,6;327;1,7
"2017-05-29 15:00";1,0;4,9;0,22;104,0;17,0;8,8;21,2;288;1,2
"2017-05-29 14:00";0,7;5,0;0,19;106,3;17,7;10,6;20,6;306;1,4
"2017-05-29 13:00";0,9;3,9;0,19;103,3;20,7;11,7;20,0;280;1,2
"2017-05-29 12:00";1,0;4,5;0,18;98,1;20,7;12,8;18,3;252;0,9
"2017-05-29 11:00";1,0;6,1;0,19;102,4;17,7;10,6;18,5;274;1,0
"2017-05-29 10:00";1,0;5,2;0,18;105,2;14,0;8,1;18,8;242;0,8
"2017-05-29 09:00";0,9;7,2;0,17;97,0;12,9;8,1;16,9;214;0,7
"2017-05-29 08:00";0,7;6,9;0,17;91,7;14,8;7,0;15,7;205;0,6
"2017-05-29 07:00";0,8;2,6;0,15;98,6;15,1;7,3;15,3;239;0,6
"2017-05-29 06:00";0,7;1,5;0,13;100,6;15,1;9,2;15,3;220;0,7
"2017-05-29 05:00";1,3;1,2;0,14;101,7;14,4;8,4;16,7;228;0,9
"2017-05-29 04:00";1,4;1,8;0,14;94,8;14,8;7,0;17,3;190;0,9
"2017-05-29 03:00";1,6;0,7;0,14;96,0;14,8;7,7;17,2;174;0,8
"2017-05-29 02:00";1,8;1,2;0,15;93,6;13,3;7,7;16,9;164;0,8
"2017-05-29 01:00";2,1;0,8;0,16;99,6;12,2;5,9;17,8;183;0,6
"2017-05-29 00:00";2,2;1,1;0,15;99,9;10,7;5,1;18,3;205;0,6
"2017-05-28 23:00";2,4;2,8;0,17;101,2;11,5;7,0;18,9;198;0,6
"2017-05-28 22:00";2,6;3,2;0,16;100,1;15,5;7,7;20,0;220;0,5
"2017-05-28 21:00";3,1;3,8;0,18;97,8;22,5;7,7;21,3;220;0,8
"2017-05-28 20:00";2,2;2,8;0,20;92,7;25,9;9,5;23,0;230;1,3
"2017-05-28 19:00";1,0;3,7;0,23;92,8;24,8;10,6;24,4;255;1,0
"2017-05-28 18:00";1,2;3,7;0,37;93,5;22,5;8,4;25,3;247;0,9
"2017-05-28 17:00";0,7;2,5;0,19;90,7;21,4;7,0;25,6;213;0,7
"2017-05-28 16:00";0,8;2,7;0,25;79,6;15,5;6,6;23,9;178;1,1
"2017-05-28 15:00";0,9;3,1;0,23;79,1;14,0;5,9;21,2;150;1,3
"2017-05-28 14:00";0,8;2,8;0,17;79,2;15,5;6,2;18,7;145;1,8
"2017-05-28 13:00";0,6;3,5;0,15;73,6;13,7;6,2;16,8;138;1,7
"2017-05-28 12:00";0,6;3,6;0,17;73,6;15,9;5,9;15,9;131;1,6
"2017-05-28 11:00";0,7;2,2;0,18;75,7;17,4;6,6;15,5;144;1,2
"2017-05-28 10:00";0,6;1,8;0,16;69,4;16,6;13,9;15,0;155;0,7
"2017-05-28 09:00";0,7;2,0;0,16;67,0;14,8;12,5;13,9;176;0,5
"2017-05-28 08:00";0,8;2,7;0,16;65,0;15,1;4,0;12,6;245;0,3
"2017-05-28 07:00";0,4;1,5;0,15;65,2;14,0;3,7;11,2;299;0,7
"2017-05-28 06:00";0,5;3,5;0,15;66,2;12,2;4,4;10,6;296;0,5
"2017-05-28 05:00";0,5;2,0;0,15;71,4;13,7;5,1;11,0;302;0,8
"2017-05-28 04:00";0,4;3,3;0,15;71,1;13,7;5,5;11,2;299;0,8
"2017-05-28 03:00";0,6;5,3;0,15;72,0;14,0;4,8;11,4;303;0,8
"2017-05-28 02:00";0,8;3,0;0,16;75,7;12,6;4,4;11,7;305;0,7
"2017-05-28 01:00";0,6;6,6;0,16;73,7;12,6;7,0;12,3;303;0,6
"2017-05-28 00:00";1,3;7,2;0,18;74,5;15,1;9,5;13,0;287;0,5
"2017-05-27 23:00";0,6;9,2;0,19;72,7;12,9;8,4;13,9;278;0,5
"2017-05-27 22:00";0,4;6,2;0,19;79,4;15,1;7,0;14,7;267;0,5
"2017-05-27 21:00";0,3;6,1;0,21;77,7;16,3;7,0;15,4;227;0,6
"2017-05-27 20:00";0,3;4,9;0,20;82,2;15,1;7,0;15,9;217;0,4
"2017-05-27 19:00";0,5;5,5;0,18;82,6;13,7;4,8;16,2;271;0,4
"2017-05-27 18:00";0,3;5,1;0,17;85,1;9,6;1,8;17,1;42;0,5
"2017-05-27 17:00";0,1;4,9;0,17;87,8;12,2;2,9;18,2;319;1,3
"2017-05-27 16:00";0,1;2,6;0,16;91,6;14,8;5,1;18,9;305;1,4
"2017-05-27 15:00";0,3;1,9;0,17;93,4;12,2;4,8;18,6;310;1,2
"2017-05-27 14:00";0,7;2,6;0,18;94,2;12,9;3,7;18,1;303;1,1
"2017-05-27 13:00";1,3;3,5;0,18;89,8;16,6;4,0;17,3;319;1,1
"2017-05-27 12:00";1,9;3,5;0,18;84,2;15,1;5,1;16,6;339;1,0
"2017-05-27 11:00";1,6;4,7;0,17;75,2;13,7;6,6;15,7;317;1,4
"2017-05-27 10:00";1,1;5,4;0,17;61,8;12,6;7,7;14,3;323;1,0
"2017-05-27 09:00";0,8;5,4;0,16;56,3;11,5;7,0;12,7;326;0,5
"2017-05-27 08:00";1,0;8,2;0,15;48,2;12,2;5,1;11,1;294;0,5
"2017-05-27 07:00";0,8;3,8;0,15;54,7;10,3;4,4;9,5;290;0,8
"2017-05-27 06:00";0,5;3,2;0,15;60,1;8,9;5,1;8,5;288;0,7
"2017-05-27 05:00";0,5;1,9;0,15;64,6;9,2;5,1;8,9;276;0,7
"2017-05-27 04:00";0,7;3,2;0,15;67,0;9,2;4,0;9,9;280;0,7
"2017-05-27 03:00";1,1;2,3;0,15;70,0;12,9;3,7;10,9;286;0,8
"2017-05-27 02:00";1,2;5,4;0,16;67,4;15,1;5,5;11,7;280;0,8
"2017-05-27 01:00";1,7;10,9;0,19;63,5;14,0;8,8;12,2;267;0,6
"2017-05-27 00:00";0,5;27,1;0,23;48,0;17,7;8,4;13,0;253;0,4
"2017-05-26 23:00";0,3;21,4;0,20;57,4;14,0;5,9;14,3;289;0,5
"2017-05-26 22:00";0,2;12,5;0,19;67,9;7,0;5,5;15,8;295;0,7
"2017-05-26 21:00";0,1;11,2;0,18;74,0;6,3;5,1;16,5;322;1,0
"2017-05-26 20:00";0,1;6,4;0,20;80,6;7,4;4,0;17,8;318;1,4
"2017-05-26 19:00";-0,0;5,1;0,18;84,3;10,0;3,3;18,5;312;1,6
"2017-05-26 18:00";-0,1;6,1;0,16;85,9;10,7;2,9;18,4;305;1,4
"2017-05-26 17:00";0,1;7,0;0,16;85,7;10,0;3,3;18,1;315;1,6
"2017-05-26 16:00";-0,1;5,4;0,16;85,7;11,8;2,9;18,0;314;1,3
"2017-05-26 15:00";0,1;4,6;0,15;84,2;13,3;1,8;17,2;306;1,0
"2017-05-26 14:00";0,2;4,3;0,15;81,6;12,2;1,8;16,7;310;1,5
"2017-05-26 13:00";0,3;3,8;0,15;78,8;12,9;1,1;16,2;303;1,1
"2017-05-26 12:00";0,4;3,9;0,15;75,9;10,3;0,0;15,2;315;1,5
"2017-05-26 11:00";0,3;3,2;0,15;71,7;7,4;0,4;14,5;306;1,2
"2017-05-26 10:00";0,4;3,0;0,15;64,4;8,5;1,5;13,1;308;1,2
"2017-05-26 09:00";0,3;5,3;0,16;57,1;7,8;2,6;11,9;279;1,1
"2017-05-26 08:00";0,5;4,7;0,17;57,0;6,7;2,6;10,5;298;1,4
"2017-05-26 07:00";0,4;2,8;0,15;55,9;7,0;2,6;9,2;291;1,3
"2017-05-26 06:00";0,5;1,9;0,15;56,3;10,0;3,3;8,2;292;1,3
"2017-05-26 05:00";0,8;1,2;0,15;58,7;10,0;3,7;8,1;294;1,0
"2017-05-26 04:00";1,0;0,7;0,15;62,9;7,8;3,7;8,8;273;0,9
"2017-05-26 03:00";1,4;1,2;0,15;68,0;8,1;4,0;9,7;284;0,8
"2017-05-26 02:00";2,1;1,4;0,16;70,9;10,0;6,2;10,7;284;0,8
"2017-05-26 01:00";2,4;3,0;0,16;70,9;10,7;9,2;11,9;293;0,9
"2017-05-26 00:00";1,6;4,4;0,15;74,3;14,0;10,6;12,6;287;0,7
"2017-05-25 23:00";0,6;7,2;0,24;79,2;21,4;10,6;14,6;296;1,1
"2017-05-25 22:00";1,2;12,0;0,35;78,2;18,1;8,4;16,2;290;0,7
"2017-05-25 21:00";1,5;8,3;0,20;84,4;11,5;7,0;16,9;272;0,6
"2017-05-25 20:00";0,3;6,1;0,18;89,4;11,8;7,0;17,6;232;0,7
"2017-05-25 19:00";-0,0;5,6;0,18;94,0;13,3;4,4;18,8;224;0,9
"2017-05-25 18:00";0,1;5,2;0,18;95,4;16,6;2,9;20,3;237;1,0
"2017-05-25 17:00";0,2;4,7;0,16;98,0;16,6;4,0;20,4;233;1,0
"2017-05-25 16:00";0,2;6,5;0,15;93,7;9,6;3,7;19,8;240;0,8
"2017-05-25 15:00";0,3;5,0;0,16;92,1;6,7;2,2;19,3;281;1,2
"2017-05-25 14:00";0,5;2,2;0,16;94,3;10,7;2,2;18,6;259;0,8
"2017-05-25 13:00";0,5;3,3;0,17;96,1;15,1;3,3;17,0;271;1,0
"2017-05-25 12:00";0,4;3,7;0,17;89,5;17,0;8,8;15,2;284;0,8
"2017-05-25 11:00";0,6;6,3;0,18;69,6;18,8;14,3;12,9;265;0,7
"2017-05-25 10:00";0,6;9,9;0,18;42,7;23,3;15,8;10,8;276;0,9
"2017-05-25 09:00";1,0;15,1;0,20;35,4;25,9;16,1;10,4;273;0,8
"2017-05-25 08:00";0,6;11,2;0,19;34,4;24,0;15,4;10,0;284;0,9
"2017-05-25 07:00";0,5;6,9;0,16;33,5;18,8;13,2;9,4;274;0,8
"2017-05-25 06:00";0,4;3,6;0,15;40,9;17,0;12,1;9,4;290;0,7
"2017-05-25 05:00";0,2;3,8;0,15;44,4;17,7;12,8;9,5;274;0,6
"2017-05-25 04:00";0,4;3,7;0,15;48,0;15,1;9,5;9,8;295;0,7
"2017-05-25 03:00";0,4;2,7;0,15;58,3;10,3;6,2;10,0;300;0,8
"2017-05-25 02:00";0,3;4,8;0,16;66,5;11,1;6,2;10,3;263;0,7
"2017-05-25 01:00";0,1;6,9;0,21;63,5;13,7;7,3;10,0;234;0,2
"2017-05-25 00:00";0,3;12,9;0,27;61,1;12,9;8,4;10,6;192;0,4
"2017-05-24 23:00";-0,1;10,4;0,18;72,2;12,2;6,2;11,7;315;0,7
"2017-05-24 22:00";0,0;8,6;0,17;80,3;11,8;2,9;12,9;297;0,9
"2017-05-24 21:00";0,1;8,2;0,16;84,0;12,6;2,2;14,8;308;1,1
"2017-05-24 20:00";-0,1;6,1;0,18;89,4;11,1;2,9;16,2;225;0,6
"2017-05-24 19:00";-0,1;7,1;0,16;93,3;10,0;4,4;16,5;124;0,7
"2017-05-24 18:00";0,0;6,2;0,17;95,5;11,5;4,4;16,7;207;0,2
"2017-05-24 17:00";0,3;5,3;0,17;95,1;11,1;2,9;15,7;76;0,4
"2017-05-24 16:00";0,4;3,1;0,17;94,7;10,0;1,5;15,2;100;0,7
"2017-05-24 15:00";0,3;1,9;0,16;87,4;10,7;1,8;14,2;100;1,0
"2017-05-24 14:00";0,3;3,2;0,16;81,6;13,3;4,4;13,2;119;1,6
"2017-05-24 13:00";0,2;5,2;0,16;74,1;14,4;6,6;11,5;105;1,4
"2017-05-24 12:00";0,1;5,6;0,17;67,0;15,5;7,7;10,6;163;0,4
"2017-05-24 11:00";0,3;5,1;0,18;63,7;17,0;8,1;9,6;150;0,6
"2017-05-24 10:00";0,2;6,4;0,17;62,9;12,9;7,7;9,3;208;0,6
"2017-05-24 09:00";0,3;9,2;0,18;58,8;10,3;6,6;9,0;211;0,5
"2017-05-24 08:00";0,3;6,1;0,18;56,2;10,7;6,2;8,6;210;0,3
"2017-05-24 07:00";0,4;4,8;0,17;49,0;9,2;6,6;8,3;168;0,6
"2017-05-24 06:00";0,7;2,8;0,16;46,6;8,1;7,7;7,7;154;0,5
"2017-05-24 05:00";0,8;1,9;0,16;43,8;8,5;7,7;7,7;160;0,6
"2017-05-24 04:00";0,9;3,3;0,16;45,0;8,5;6,6;8,4;142;0,7
"2017-05-24 03:00";0,8;2,6;0,17;51,1;8,5;5,9;8,5;133;0,6
"2017-05-24 02:00";0,9;5,3;0,19;50,3;9,2;5,9;8,8;126;0,1
"2017-05-24 01:00";1,2;5,5;0,19;55,6;9,6;7,7;9,6;146;0,3
"2017-05-24 00:00";1,2;7,0;0,21;64,1;8,9;7,3;10,0;141;0,8
"2017-05-23 23:00";0,9;9,4;0,23;67,9;8,1;6,2;10,2;128;0,3
"2017-05-23 22:00";0,9;10,5;0,25;71,6;10,7;7,7;10,4;178;0,4
"2017-05-23 21:00";0,6;7,6;0,22;75,7;12,9;6,6;11,4;205;0,5
"2017-05-23 20:00";0,7;11,0;0,22;75,2;10,7;3,7;12,7;213;0,5
"2017-05-23 19:00";0,3;7,3;0,16;87,4;15,1;2,6;14,5;263;0,7
"2017-05-23 18:00";0,4;6,9;0,15;90,9;17,4;2,6;15,4;275;1,1
"2017-05-23 17:00";0,4;5,1;0,16;93,9;12,6;3,3;17,9;222;1,0
"2017-05-23 16:00";0,2;4,3;0,16;91,2;12,6;3,7;17,9;213;0,7
"2017-05-23 15:00";0,2;4,4;0,17;91,2;12,6;3,7;18,3;189;1,2
"2017-05-23 14:00";0,3;3,7;0,17;90,8;12,2;4,0;18,0;178;1,6
"2017-05-23 13:00";0,5;3,4;0,17;92,3;14,8;4,8;18,1;225;0,8
"2017-05-23 12:00";0,4;3,0;0,17;89,5;15,5;5,5;17,3;223;0,7
"2017-05-23 11:00";0,7;3,1;0,16;83,2;14,8;5,9;16,3;191;0,9
"2017-05-23 10:00";0,5;5,5;0,17;73,9;14,4;5,1;14,5;207;0,6
"2017-05-23 09:00";0,6;7,1;0,18;68,7;13,3;4,4;13,0;244;0,8
"2017-05-23 08:00";0,4;5,6;0,17;65,4;12,2;5,5;11,8;255;0,5
"2017-05-23 07:00";0,4;4,0;0,16;64,0;11,1;5,9;10,6;246;0,7
"2017-05-23 06:00";0,4;2,1;0,15;64,3;11,5;4,8;9,8;250;0,7
"2017-05-23 05:00";0,5;1,4;0,15;68,9;13,3;5,1;10,0;265;0,8
"2017-05-23 04:00";0,4;1,4;0,15;71,0;14,4;5,5;10,4;263;0,7
"2017-05-23 03:00";0,5;1,6;0,15;72,4;12,6;5,1;11,1;260;0,7
"2017-05-23 02:00";0,5;2,1;0,15;74,0;13,3;5,5;11,9;268;0,7
"2017-05-23 01:00";0,4;2,6;0,15;79,8;15,9;4,8;12,6;258;0,8
"2017-05-23 00:00";0,6;3,1;0,15;80,3;14,0;3,7;13,2;260;0,7
"2017-05-22 23:00";0,7;4,2;0,16;82,3;14,0;4,0;14,0;245;0,6
"2017-05-22 22:00";0,7;5,4;0,17;84,2;16,3;4,8;15,3;240;0,8
"2017-05-22 21:00";0,4;4,3;0,17;88,0;17,0;5,1;16,6;230;0,9
"2017-05-22 20:00";0,4;4,7;0,17;90,6;17,7;5,1;18,1;226;1,1
"2017-05-22 19:00";0,7;5,0;0,19;94,9;18,1;5,5;19,7;215;1,0
"2017-05-22 18:00";0,7;5,6;0,18;97,6;15,9;5,9;20,6;212;1,0
"2017-05-22 17:00";0,7;6,1;0,18;96,0;13,3;5,5;20,6;207;0,9
"2017-05-22 16:00";0,9;4,0;0,18;90,5;15,1;5,9;20,0;280;0,7
"2017-05-22 15:00";1,0;3,2;0,18;87,1;17,4;7,0;19,0;259;0,7
"2017-05-22 14:00";1,1;4,7;0,18;74,0;13,7;6,2;16,2;201;1,0
"2017-05-22 13:00";1,0;8,1;0,19;60,9;9,6;5,1;12,7;170;1,2
"2017-05-22 12:00";0,7;13,8;0,19;53,3;10,0;5,5;11,4;262;0,5
"2017-05-22 11:00";1,0;8,7;0,17;65,5;16,6;5,9;11,1;283;0,8
"2017-05-22 10:00";1,1;7,7;0,17;67,1;21,8;5,9;12,6;271;1,3
"2017-05-22 09:00";1,1;7,9;0,18;67,5;18,8;5,5;13,8;273;1,1
"2017-05-22 08:00";1,1;4,7;0,19;65,2;18,8;5,1;12,0;273;0,9
"2017-05-22 07:00";1,1;4,1;0,16;59,8;19,6;4,8;11,8;278;0,6
"2017-05-22 06:00";0,9;17,2;0,20;30,0;16,3;5,1;8,3;84;0,3
"2017-05-22 05:00";0,8;9,9;0,20;29,0;14,8;6,2;7,5;94;0,4
"2017-05-22 04:00";0,9;10,8;0,22;34,0;17,4;7,3;8,2;108;0,5
"2017-05-22 03:00";1,0;12,1;0,26;34,3;21,8;8,1;8,7;98;0,3
"2017-05-22 02:00";1,1;16,7;0,29;38,8;23,6;7,3;9,4;61;0,3
"2017-05-22 01:00";1,3;23,4;0,27;41,1;17,4;6,2;10,8;121;0,4
"2017-05-22 00:00";1,9;26,6;0,22;54,4;11,5;5,1;12,4;134;0,4
"2017-05-21 23:00";2,3;10,5;0,20;75,2;10,3;4,0;13,7;102;0,6
"2017-05-21 22:00";2,8;9,3;0,20;80,9;9,6;2,6;15,3;103;0,9
"2017-05-21 21:00";2,9;5,5;0,17;88,8;11,1;2,9;16,8;90;1,3
"2017-05-21 20:00";2,1;4,5;0,18;91,0;10,0;5,9;18,0;86;1,4
"2017-05-21 19:00";0,4;4,3;0,21;94,3;10,7;8,1;19,5;102;0,9
"2017-05-21 18:00";0,6;2,0;0,31;101,2;11,8;5,1;20,0;298;0,7
"2017-05-21 17:00";0,6;1,2;0,20;101,3;9,6;1,8;19,3;317;0,8
"2017-05-21 16:00";0,4;1,1;0,16;98,7;8,9;2,9;18,7;347;0,8
"2017-05-21 15:00";0,8;1,2;0,21;98,7;8,5;2,9;17,6;5;0,9
"2017-05-21 14:00";0,5;1,3;0,18;99,6;9,6;2,6;16,7;35;1,2
"2017-05-21 13:00";0,1;1,2;0,16;95,5;9,2;2,9;16,1;39;1,3
"2017-05-21 12:00";-0,0;0,7;0,16;92,5;10,3;2,6;15,2;27;1,4
"2017-05-21 11:00";0,1;0,9;0,16;89,7;10,3;2,2;14,7;21;1,1
"2017-05-21 10:00";0,2;1,0;0,17;87,6;8,1;2,2;14,0;28;1,1
"2017-05-21 09:00";0,2;1,8;0,17;82,1;9,2;2,9;13,2;43;1,3
"2017-05-21 08:00";0,1;2,3;0,17;72,0;11,1;4,0;12,3;38;1,1
"2017-05-21 07:00";0,3;1,4;0,18;67,9;9,6;4,0;11,2;22;0,8
"2017-05-21 06:00";0,3;2,6;0,18;60,9;6,7;3,3;9,3;356;0,7
"2017-05-21 05:00";0,3;2,4;0,18;58,8;6,7;3,3;9,2;347;0,7
"2017-05-21 04:00";0,3;2,9;0,18;58,2;8,5;4,4;9,7;352;0,7
"2017-05-21 03:00";0,3;4,9;0,18;59,4;9,6;4,4;10,6;341;0,9
"2017-05-21 02:00";0,3;2,7;0,17;64,9;9,6;2,9;11,5;346;0,9
"2017-05-21 01:00";0,1;4,6;0,17;65,7;7,8;2,9;12,4;348;1,0
"2017-05-21 00:00";0,5;8,0;0,19;65,6;6,3;3,3;13,7;340;1,0
"2017-05-20 23:00";0,6;4,7;0,18;70,3;8,1;2,2;14,7;345;1,0
"2017-05-20 22:00";0,5;2,8;0,16;74,6;9,2;1,8;15,9;5;0,8
"2017-05-20 21:00";0,3;2,2;0,17;76,8;9,6;4,4;17,2;23;1,0
"2017-05-20 20:00";0,7;3,3;0,19;78,7;10,0;6,2;18,6;39;1,5
"2017-05-20 19:00";0,9;4,4;0,21;81,3;8,9;5,1;20,3;43;1,4
"2017-05-20 18:00";1,0;3,0;0,22;87,2;13,3;5,9;21,0;44;1,4
"2017-05-20 17:00";0,9;3,0;0,19;101,7;19,2;7,7;21,4;10;0,9
"2017-05-20 16:00";1,6;2,6;0,18;110,9;24,8;8,8;20,8;22;1,0
"2017-05-20 15:00";2,1;4,0;0,18;113,4;27,7;9,9;20,4;21;1,1
"2017-05-20 14:00";1,8;4,9;0,18;134,7;24,8;9,5;21,3;341;1,4
"2017-05-20 13:00";1,7;5,5;0,18;133,4;21,1;7,7;21,9;338;1,4
"2017-05-20 12:00";2,6;6,2;0,19;132,3;17,7;6,2;22,4;335;1,5
"2017-05-20 11:00";3,1;4,1;0,18;136,2;21,4;6,6;22,1;295;1,3
"2017-05-20 10:00";1,4;4,1;0,18;124,5;23,3;7,7;20,4;273;1,0
"2017-05-20 09:00";1,6;4,4;0,18;120,1;18,1;8,1;18,8;280;0,9
"2017-05-20 08:00";1,8;4,7;0,19;119,6;17,4;9,5;17,8;278;0,7
"2017-05-20 07:00";1,3;13,1;0,20;69,8;23,6;11,7;16,1;139;0,2
"2017-05-20 06:00";1,0;14,3;0,22;52,8;29,6;13,2;13,8;142;0,3
"2017-05-20 05:00";0,9;25,9;0,29;32,7;29,9;13,9;13,1;102;0,4
"2017-05-20 04:00";0,8;33,6;0,33;39,3;27,0;12,5;13,8;39;0,2
"2017-05-20 03:00";1,0;23,6;0,24;71,9;24,0;10,6;16,1;132;0,4
"2017-05-20 02:00";1,0;15,5;0,19;92,3;21,4;9,2;17,4;297;0,5
"2017-05-20 01:00";0,9;11,6;0,19;97,5;21,8;7,7;18,4;287;0,6
"2017-05-20 00:00";0,7;14,9;0,24;88,9;32,1;12,5;19,3;259;0,5
"2017-05-19 23:00";0,9;38,5;0,36;56,0;39,5;11,7;20,1;223;0,5
"2017-05-19 22:00";0,5;21,0;0,23;79,5;24,4;6,2;22,2;262;0,6
"2017-05-19 21:00";0,6;8,6;0,20;101,4;18,1;7,3;24,2;281;0,8
"2017-05-19 20:00";0,7;10,1;0,21;103,7;24,0;7,7;25,2;205;0,5
"2017-05-19 19:00";0,7;8,3;0,19;109,8;25,5;8,4;25,6;215;0,8
"2017-05-19 18:00";1,1;8,6;0,18;110,3;25,5;6,2;25,6;226;0,7
"2017-05-19 17:00";0,9;8,0;0,18;109,1;19,6;3,3;26,0;242;0,7
"2017-05-19 16:00";1,1;4,8;0,17;106,8;18,5;4,4;25,3;192;1,0
"2017-05-19 15:00";1,1;4,7;0,21;102,5;20,7;5,9;25,1;201;0,9
"2017-05-19 14:00";1,2;4,6;0,18;103,6;19,6;7,0;24,1;198;0,8
"2017-05-19 13:00";1,1;4,6;0,21;107,5;21,4;7,7;23,3;237;0,7
"2017-05-19 12:00";1,4;4,4;0,19;104,1;30,7;8,1;22,5;213;0,9
"2017-05-19 11:00";1,3;9,5;0,20;88,6;31,8;7,3;20,5;134;1,2
"2017-05-19 10:00";1,0;11,3;0,20;75,9;31,8;6,6;18,8;145;1,2
"2017-05-19 09:00";1,2;16,3;0,22;61,2;33,6;7,0;17,0;145;1,0
"2017-05-19 08:00";0,9;19,5;0,23;41,7;25,9;8,4;14,1;120;0,9
"2017-05-19 07:00";0,9;13,7;0,20;39,2;19,6;9,5;11,9;128;0,7
"2017-05-19 06:00";0,9;15,3;0,25;27,1;21,4;8,4;10,9;108;0,5
"2017-05-19 05:00";1,0;17,9;0,21;26,9;20,0;7,0;11,2;119;0,4
"2017-05-19 04:00";1,1;6,0;0,20;47,4;15,9;8,1;12,0;121;0,6
"2017-05-19 03:00";0,9;9,3;0,19;44,4;16,3;8,4;12,6;94;0,3
"2017-05-19 02:00";1,5;8,7;0,19;53,5;17,7;7,3;13,4;129;0,5
"2017-05-19 01:00";1,4;6,3;0,19;63,4;20,0;8,1;13,9;131;0,8
"2017-05-19 00:00";1,4;9,5;0,24;65,1;20,7;10,6;14,1;147;0,7
"2017-05-18 23:00";1,2;13,7;0,29;61,9;23,3;12,5;14,3;152;0,8
"2017-05-18 22:00";1,2;15,4;0,33;65,2;24,4;11,0;14,5;168;0,8
"2017-05-18 21:00";1,2;9,5;0,21;73,2;22,5;10,6;14,8;146;1,1
"2017-05-18 20:00";1,4;12,1;0,24;73,9;20,0;9,5;14,9;133;0,9
"2017-05-18 19:00";1,3;11,6;0,23;74,1;17,4;6,6;14,6;158;1,0
"2017-05-18 18:00";1,2;12,9;0,24;69,4;15,9;4,8;14,5;163;1,3
"2017-05-18 17:00";1,0;11,2;0,21;70,9;14,8;4,4;14,6;154;1,5
"2017-05-18 16:00";1,0;9,8;0,19;71,5;13,7;5,9;14,5;145;1,7
"2017-05-18 15:00";1,1;7,4;0,19;74,3;12,2;6,2;14,1;153;1,5
"2017-05-18 14:00";1,1;6,7;0,19;77,5;15,1;5,1;14,0;152;1,6
"2017-05-18 13:00";1,1;8,0;0,19;74,6;17,4;4,8;13,4;153;1,5
"2017-05-18 12:00";1,1;8,9;0,20;73,3;16,3;5,5;12,9;161;1,3
"2017-05-18 11:00";1,0;10,4;0,22;71,7;14,8;6,2;12,4;164;1,3
"2017-05-18 10:00";1,2;12,0;0,23;70,4;13,3;7,0;11,7;163;1,4
"2017-05-18 09:00";1,3;14,9;0,22;71,4;14,0;7,3;11,2;160;1,5
"2017-05-18 08:00";1,2;10,8;0,22;80,7;14,0;7,7;11,1;161;1,4
"2017-05-18 07:00";1,3;5,5;0,18;89,0;14,0;7,7;11,2;154;1,3
"2017-05-18 06:00";2,4;4,0;0,17;89,7;15,9;5,1;11,5;163;1,3
"2017-05-18 05:00";2,6;2,4;0,17;91,1;16,3;4,0;11,9;173;1,1
"2017-05-18 04:00";3,0;3,6;0,18;85,7;18,5;6,2;12,3;170;0,8
"2017-05-18 03:00";3,7;5,6;0,22;74,9;20,7;6,6;12,6;156;0,6
"2017-05-18 02:00";3,8;8,6;0,22;66,4;27,0;7,0;12,8;131;0,6
"2017-05-18 01:00";4,1;11,5;0,27;68,0;33,6;9,2;13,2;144;0,5
"2017-05-18 00:00";3,0;15,5;0,38;66,2;42,9;13,9;13,5;152;0,4
"2017-05-17 23:00";2,1;25,7;0,52;65,9;48,8;19,1;14,3;171;0,5
"2017-05-17 22:00";2,3;34,3;0,57;62,7;41,8;17,6;14,9;168;0,6
"2017-05-17 21:00";2,7;22,6;0,45;78,0;;;15,4;175;0,7
"2017-05-17 20:00";1,5;13,9;0,32;88,6;;;15,8;187;0,8
"2017-05-17 19:00";0,7;7,7;0,23;95,9;21,4;6,2;16,3;206;0,7
"2017-05-17 18:00";0,9;7,8;0,21;93,7;20,7;5,9;16,3;206;0,7
"2017-05-17 17:00";1,1;5,2;0,20;93,8;17,4;4,4;16,7;215;0,8
"2017-05-17 16:00";1,2;4,2;0,20;93,5;14,4;2,2;16,7;205;0,9
"2017-05-17 15:00";1,3;3,2;0,20;91,0;12,2;1,5;16,1;168;1,1
"2017-05-17 14:00";1,5;2,5;0,19;89,9;11,8;2,2;15,4;179;1,3
"2017-05-17 13:00";1,7;3,0;0,19;87,7;12,6;2,9;14,4;154;1,6
"2017-05-17 12:00";1,8;2,4;0,18;88,4;13,3;2,9;13,6;162;1,6
"2017-05-17 11:00";2,2;3,5;0,19;87,3;15,1;4,0;13,1;162;1,7
"2017-05-17 10:00";2,8;4,3;0,21;84,5;25,5;5,9;12,3;173;1,6
"2017-05-17 09:00";4,8;18,6;0,24;57,6;30,3;5,5;10,4;153;0,9
"2017-05-17 08:00";2,4;17,5;0,24;39,2;27,7;5,1;6,2;119;1,1
"2017-05-17 07:00";1,6;16,4;0,22;18,4;24,8;6,2;3,7;86;0,7
"2017-05-17 06:00";1,3;19,1;0,22;14,6;17,0;6,2;1,7;117;0,4
"2017-05-17 05:00";1,2;11,8;0,23;16,5;18,1;7,0;1,6;129;0,4
"2017-05-17 04:00";1,2;12,8;0,24;19,8;21,1;8,8;2,1;157;0,4
"2017-05-17 03:00";1,3;15,3;0,27;21,6;29,6;11,7;2,9;109;0,3
"2017-05-17 02:00";1,4;36,1;0,45;12,4;38,4;12,8;4,1;116;0,4
"2017-05-17 01:00";1,2;32,9;0,36;28,9;32,5;8,4;5,1;214;0,3
"2017-05-17 00:00";1,6;21,2;0,30;50,2;28,1;4,8;6,6;263;0,3
"2017-05-16 23:00";2,0;24,0;0,28;56,7;25,5;4,8;8,3;287;0,4
"2017-05-16 22:00";2,3;14,4;0,22;72,8;19,6;4,8;10,1;338;0,4
"2017-05-16 21:00";2,0;4,0;0,19;84,1;14,0;3,7;11,3;5;0,6
"2017-05-16 20:00";1,8;2,1;0,19;88,2;11,5;2,6;12,2;13;0,8
"2017-05-16 19:00";1,6;2,9;0,20;86,7;11,5;2,6;12,3;354;0,8
"2017-05-16 18:00";1,6;4,2;0,19;84,5;11,8;2,9;11,7;31;1,1
"2017-05-16 17:00";1,8;2,8;0,18;83,6;11,8;2,9;11,4;8;1,2
"2017-05-16 16:00";1,9;2,5;0,18;81,5;12,9;2,9;10,5;2;1,4
"2017-05-16 15:00";1,6;2,9;0,19;80,7;14,8;2,9;9,6;357;1,5
"2017-05-16 14:00";1,6;4,0;0,20;78,3;14,4;2,9;8,5;339;1,9
"2017-05-16 13:00";0,9;4,4;0,19;74,3;14,0;3,3;7,2;342;1,8
"2017-05-16 12:00";1,0;6,2;0,20;70,1;14,0;3,3;6,3;344;1,5
"2017-05-16 11:00";1,0;4,7;0,19;70,4;11,5;2,6;5,6;346;1,5
"2017-05-16 10:00";1,0;4,9;0,19;69,2;11,1;2,9;4,7;343;1,7
"2017-05-16 09:00";1,0;5,8;0,20;68,8;14,0;4,4;4,0;342;1,8
"2017-05-16 08:00";1,2;4,7;0,20;70,3;13,3;5,9;3,3;339;1,8
"2017-05-16 07:00";1,4;1,7;0,18;71,3;9,6;5,1;3,1;333;2,1
"2017-05-16 06:00";1,2;1,0;0,18;70,8;7,4;4,0;3,0;330;1,7
"2017-05-16 05:00";1,2;3,1;0,18;61,9;7,8;4,8;2,7;323;1,5
"2017-05-16 04:00";1,3;1,3;0,17;65,1;7,8;4,4;2,9;322;1,5
"2017-05-16 03:00";0,6;1,6;0,17;63,9;6,7;2,2;3,5;330;1,3
"2017-05-16 02:00";0,7;1,0;0,18;63,6;7,0;1,8;4,3;340;0,8
"2017-05-16 01:00";1,0;1,4;0,18;65,5;8,5;4,0;5,5;344;1,2
"2017-05-16 00:00";1,2;2,6;0,19;73,9;11,5;4,0;7,2;343;1,4
"2017-05-15 23:00";1,0;7,9;0,22;82,6;10,3;2,9;8,6;335;1,2
"2017-05-15 22:00";1,1;6,8;0,21;87,2;7,4;2,9;8,9;334;1,3
"2017-05-15 21:00";1,0;5,7;0,19;89,3;12,9;3,7;9,8;345;1,5
"2017-05-15 20:00";1,6;4,6;0,18;90,3;15,5;4,8;10,6;15;1,5
"2017-05-15 19:00";1,4;5,3;0,17;91,0;15,9;4,4;13,3;7;1,3
"2017-05-15 18:00";1,1;7,1;0,19;100,2;16,3;2,9;15,2;341;1,8
"2017-05-15 17:00";1,1;5,1;0,19;108,3;11,8;2,9;16,1;339;1,2
"2017-05-15 16:00";1,3;4,8;0,18;104,7;12,6;4,4;15,0;27;0,8
"2017-05-15 15:00";1,3;7,2;0,18;95,2;16,6;5,9;14,4;354;1,1
"2017-05-15 14:00";1,6;7,6;0,19;94,5;15,5;7,0;14,3;61;0,9
"2017-05-15 13:00";1,6;5,9;0,18;93,1;15,1;5,5;13,9;31;1,0
"2017-05-15 12:00";1,6;6,8;0,17;93,0;17,0;4,0;13,9;7;0,9
"2017-05-15 11:00";1,5;12,9;0,18;90,0;21,4;4,0;14,2;40;0,6
"2017-05-15 10:00";1,5;14,0;0,19;90,7;25,1;4,0;14,1;72;0,7
"2017-05-15 09:00";1,9;20,5;0,21;83,0;24,4;5,1;13,2;101;0,9
"2017-05-15 08:00";2,6;19,9;0,22;78,8;19,6;5,1;12,0;112;1,0
"2017-05-15 07:00";3,3;8,2;0,20;84,7;14,8;3,7;11,0;347;0,7
"2017-05-15 06:00";3,9;4,8;0,20;89,4;15,9;4,0;11,3;122;1,1
"2017-05-15 05:00";3,7;2,3;0,20;93,9;14,8;5,9;11,8;354;0,2
"2017-05-15 04:00";3,2;2,0;0,19;89,5;13,7;5,9;12,2;351;0,7
"2017-05-15 03:00";2,6;3,8;0,20;84,9;15,1;5,1;13,0;74;0,2
"2017-05-15 02:00";3,5;3,2;0,20;88,7;17,0;4,8;13,4;83;0,4
"2017-05-15 01:00";2,5;6,2;0,21;90,9;19,6;5,9;14,3;340;0,6
"2017-05-15 00:00";2,0;8,3;0,28;94,5;22,2;9,2;14,9;289;0,5
"2017-05-14 23:00";1,7;13,5;0,38;90,5;28,5;10,6;15,4;209;0,4
"2017-05-14 22:00";1,7;22,2;0,46;83,9;27,3;8,4;16,2;201;0,4
"2017-05-14 21:00";1,1;12,5;0,33;98,1;21,8;5,9;17,0;252;0,5
"2017-05-14 20:00";1,2;7,0;0,26;104,8;19,6;4,8;18,3;260;1,0
"2017-05-14 19:00";1,3;6,8;0,32;105,1;19,2;3,7;18,8;260;0,7
"2017-05-14 18:00";0,8;3,0;0,19;108,1;22,9;8,4;19,4;287;1,3
"2017-05-14 17:00";0,9;2,1;0,25;109,9;21,4;8,8;19,0;252;0,8
"2017-05-14 16:00";0,8;1,7;0,18;109,5;16,6;3,7;18,6;278;1,0
"2017-05-14 15:00";1,1;1,6;0,19;110,2;14,4;2,9;18,2;260;0,9
"2017-05-14 14:00";1,0;1,8;0,19;109,8;15,9;1,5;17,8;231;0,8
"2017-05-14 13:00";0,9;2,1;0,19;101,7;14,0;1,8;16,4;158;1,1
"2017-05-14 12:00";0,8;1,9;0,19;95,6;11,5;3,3;14,9;101;1,6
"2017-05-14 11:00";1,0;2,0;0,20;91,9;11,8;4,0;13,4;124;1,5
"2017-05-14 10:00";0,8;1,9;0,20;89,4;11,1;5,9;12,0;126;1,7
"2017-05-14 09:00";1,0;2,1;0,23;84,6;14,0;8,1;10,3;129;2,1
"2017-05-14 08:00";1,5;3,8;0,25;73,0;15,5;6,2;7,1;112;1,5
"2017-05-14 07:00";1,4;3,3;0,21;73,6;15,1;5,1;5,4;109;0,9
"2017-05-14 06:00";1,6;6,0;0,23;72,1;13,7;6,6;5,0;107;0,7
"2017-05-14 05:00";1,7;5,7;0,21;75,0;10,7;6,6;5,4;106;0,5
"2017-05-14 04:00";1,9;3,7;0,21;78,9;10,3;7,0;6,1;128;0,8
"2017-05-14 03:00";1,8;3,7;0,21;81,1;10,7;7,0;6,5;120;0,7
"2017-05-14 02:00";1,5;3,6;0,21;78,1;13,7;7,7;6,6;122;0,9
"2017-05-14 01:00";1,2;11,7;0,25;72,4;16,6;7,7;6,9;114;1,0
"2017-05-14 00:00";0,7;14,3;0,28;71,1;12,6;5,5;7,1;100;0,8
"2017-05-13 23:00";0,6;15,8;0,26;70,1;8,1;4,4;8,0;100;0,7
"2017-05-13 22:00";0,6;17,1;0,27;71,1;8,5;5,1;9,2;74;0,8
"2017-05-13 21:00";0,5;6,2;0,30;85,0;8,9;4,0;10,5;71;1,3
"2017-05-13 20:00";0,5;6,2;0,24;86,5;9,6;4,8;11,5;77;1,7
"2017-05-13 19:00";0,1;4,2;0,24;88,4;13,3;9,5;12,1;63;1,7
"2017-05-13 18:00";0,6;5,9;0,29;87,3;11,8;7,3;12,5;78;1,9
"2017-05-13 17:00";0,2;2,4;0,21;91,6;6,7;1,8;12,7;91;1,4
"2017-05-13 16:00";0,1;1,7;0,19;92,4;4,8;0,4;12,6;56;0,8
"2017-05-13 15:00";0,1;1,4;0,19;93,6;;;12,3;109;1,2
"2017-05-13 14:00";;;;;;;;;
"2017-05-13 13:00";0,5;1,4;;91,0;7,8;0,4;11,2;105;1,2
"2017-05-13 12:00";0,6;2,5;;86,9;7,4;1,1;10,5;105;1,5
"2017-05-13 11:00";0,7;2,7;;83,4;8,5;2,2;9,4;109;2,2
"2017-05-13 10:00";0,9;2,9;;82,4;8,9;4,4;8,2;107;2,2
"2017-05-13 09:00";1,8;2,6;;74,6;10,7;6,2;6,2;104;1,5
"2017-05-13 08:00";2,2;5,0;;67,5;14,0;5,9;4,1;89;0,9
"2017-05-13 07:00";1,5;8,7;;49,3;14,0;5,5;1,7;99;0,5
"2017-05-13 06:00";0,8;14,6;;33,2;15,1;6,2;-0,5;107;0,4
"2017-05-13 05:00";0,6;22,7;;24,1;19,6;10,3;-0,4;167;0,5
"2017-05-13 04:00";0,7;30,2;;24,5;17,0;10,3;0,7;164;0,5
"2017-05-13 03:00";0,8;26,0;;42,1;14,0;4,0;1,6;175;0,6
"2017-05-13 02:00";1,0;19,8;;60,4;12,9;2,6;3,0;157;0,5
"2017-05-13 01:00";1,2;8,9;;75,3;13,3;4,0;3,7;27;0,4
"2017-05-13 00:00";1,3;6,7;;76,5;16,3;4,0;4,1;3;0,6
"2017-05-12 23:00";0,8;6,5;;78,8;12,6;4,4;5,1;11;1,0
"2017-05-12 22:00";0,1;5,7;;81,2;11,8;5,5;6,7;27;1,5
"2017-05-12 21:00";0,1;7,0;;83,6;13,7;4,8;8,9;6;1,0
"2017-05-12 20:00";0,2;5,9;;87,2;12,2;3,7;10,0;321;1,0
"2017-05-12 19:00";0,2;6,4;;86,1;13,3;3,3;10,0;309;1,1
"2017-05-12 18:00";0,4;4,4;;86,9;11,5;2,6;10,2;306;0,8
"2017-05-12 17:00";0,2;4,9;;84,9;7,8;1,5;9,3;314;1,2
"2017-05-12 16:00";0,3;4,0;;83,9;8,1;0,7;9,4;272;1,0
"2017-05-12 15:00";0,6;4,1;;82,3;8,9;0,7;9,2;273;1,1
"2017-05-12 14:00";0,4;4,7;;81,2;9,6;1,5;9,0;310;1,6
"2017-05-12 13:00";0,9;3,7;;81,1;10,0;2,6;8,3;287;1,2
"2017-05-12 12:00";1,2;3,9;;79,5;11,1;2,2;7,7;302;1,4
"2017-05-12 11:00";1,4;2,9;;79,9;10,0;1,8;6,7;322;1,9
"2017-05-12 10:00";1,5;5,9;;73,3;11,5;2,9;5,6;315;1,4
"2017-05-12 09:00";1,3;12,6;;56,5;17,0;4,0;4,1;295;0,7
"2017-05-12 08:00";1,0;8,8;;56,1;12,2;4,0;2,4;276;0,7
"2017-05-12 07:00";0,9;8,3;;53,7;6,3;2,9;0,9;281;0,9
"2017-05-12 06:00";1,3;7,2;;53,3;7,0;2,9;0,1;291;0,7
"2017-05-12 05:00";2,1;6,8;;51,0;7,0;4,4;-0,0;246;0,5
"2017-05-12 04:00";1,5;4,4;;51,7;6,3;5,1;0,3;265;0,5
"2017-05-12 03:00";1,4;4,5;;56,1;7,0;4,8;1,1;277;0,6
"2017-05-12 02:00";1,5;21,7;;43,5;9,2;4,0;1,7;228;0,5
"2017-05-12 01:00";1,4;19,0;;50,4;11,8;4,8;2,3;241;0,7
"2017-05-12 00:00";1,3;16,4;;55,0;14,4;7,0;2,7;267;0,5
"2017-05-11 23:00";1,4;18,1;;55,2;12,6;7,7;3,1;322;0,7
"2017-05-11 22:00";2,2;11,5;;65,2;8,1;6,2;3,3;269;0,7
"2017-05-11 21:00";1,5;14,3;;67,2;5,5;4,8;3,7;288;0,7
"2017-05-11 20:00";1,7;15,4;;69,5;5,5;4,8;3,2;320;1,6
"2017-05-11 19:00";1,6;7,3;;76,8;8,1;5,5;5,2;305;1,9
"2017-05-11 18:00";1,6;8,6;;73,3;10,0;7,0;5,1;309;1,9
"2017-05-11 17:00";1,5;12,5;;66,4;9,6;7,3;4,7;335;1,6
"2017-05-11 16:00";1,2;11,2;;68,5;8,1;5,5;4,2;327;1,3
"2017-05-11 15:00";1,2;5,7;;71,6;7,8;4,0;6,9;317;2,0
"2017-05-11 14:00";1,1;4,7;;71,5;13,7;8,4;7,2;305;0,7
"2017-05-11 13:00";1,2;5,3;;71,2;14,4;8,8;6,5;315;1,3
"2017-05-11 12:00";1,5;3,2;;69,2;9,6;4,0;5,7;303;1,3
"2017-05-11 11:00";1,6;3,1;;67,8;10,0;3,3;5,3;312;1,3
"2017-05-11 10:00";1,8;5,8;;60,8;14,0;4,4;3,9;302;1,1
"2017-05-11 09:00";1,6;13,4;;48,4;14,4;7,3;2,6;264;0,7
"2017-05-11 08:00";1,5;11,3;;46,8;15,5;10,3;1,2;257;0,6
"2017-05-11 07:00";1,1;15,8;;35,9;14,8;9,2;-0,7;227;0,1
"2017-05-11 06:00";1,9;15,4;;33,0;9,6;6,2;-2,1;193;0,4
"2017-05-11 05:00";1,0;6,7;;43,9;9,2;5,9;-1,8;213;0,5
"2017-05-11 04:00";1,3;6,0;;47,1;8,5;6,6;-1,3;322;0,6
"2017-05-11 03:00";1,6;7,9;;46,5;8,5;7,7;-0,8;292;0,4
"2017-05-11 02:00";1,6;11,3;;43,7;8,9;8,1;-0,5;248;0,2
"2017-05-11 01:00";2,2;16,0;;43,2;8,9;7,3;-0,0;188;0,2
"2017-05-11 00:00";2,3;10,3;;53,6;10,7;8,8;0,5;284;0,6
"2017-05-10 23:00";1,4;17,3;;46,4;14,4;11,0;1,2;297;0,7
"2017-05-10 22:00";1,3;35,1;;33,8;17,7;11,7;1,8;294;0,6
"2017-05-10 21:00";1,7;25,6;;49,9;12,9;7,3;2,1;225;1,1
"2017-05-10 20:00";1,3;8,8;;67,3;7,0;3,3;2,0;214;1,0
"2017-05-10 19:00";0,9;11,8;;61,9;12,6;5,1;1,2;334;1,3
"2017-05-10 18:00";1,1;7,6;;69,2;13,3;5,9;5,2;300;0,9
"2017-05-10 17:00";1,4;5,5;;70,2;9,2;4,4;4,0;60;0,6
"2017-05-10 16:00";1,4;4,9;;69,4;10,7;2,9;4,3;71;0,5
"2017-05-10 15:00";1,1;4,5;;66,9;14,0;3,7;2,9;48;0,8
"2017-05-10 14:00";1,3;9,2;;64,7;13,3;3,7;4,1;349;0,8
"2017-05-10 13:00";1,1;2,3;;70,4;12,6;1,8;6,2;279;0,9
"2017-05-10 12:00";1,0;3,4;;68,7;12,6;1,1;5,5;331;1,0
"2017-05-10 11:00";1,1;3,0;;70,2;10,3;2,6;5,0;301;0,9
"2017-05-10 10:00";1,0;4,4;;69,7;13,3;4,4;4,0;315;1,1
"2017-05-10 09:00";0,7;10,7;;61,3;14,0;4,8;3,3;300;0,9
"2017-05-10 08:00";0,5;16,2;;52,3;14,8;4,0;2,0;286;0,6
"2017-05-10 07:00";0,7;12,4;;55,4;13,3;4,4;0,4;309;0,9
"2017-05-10 06:00";0,9;6,9;;58,1;7,8;4,8;-0,9;319;0,9
"2017-05-10 05:00";1,5;3,7;;60,4;6,7;3,7;-0,9;306;1,0
"2017-05-10 04:00";2,1;2,1;;63,1;7,8;2,9;-0,4;306;0,9
"2017-05-10 03:00";4,8;2,4;;64,5;9,2;3,3;0,3;323;1,0
"2017-05-10 02:00";1,3;1,2;;66,0;10,0;4,0;0,9;326;1,2
"2017-05-10 01:00";1,0;1,9;;64,5;10,7;3,7;1,2;345;0,9
"2017-05-10 00:00";1,0;2,0;;67,1;11,1;4,4;2,4;352;1,0
"2017-05-09 23:00";0,7;5,0;;66,8;13,3;6,2;3,2;73;0,8
"2017-05-09 22:00";0,7;7,5;;66,4;12,9;5,5;3,6;131;1,4
"2017-05-09 21:00";0,7;7,4;;68,5;11,5;3,7;4,2;83;0,2
"2017-05-09 20:00";0,6;3,8;;72,9;9,2;2,9;4,4;93;0,6
"2017-05-09 19:00";0,5;5,0;;71,3;9,6;2,6;5,0;341;1,4
"2017-05-09 18:00";0,8;3,4;;73,0;12,9;2,2;4,8;65;0,6
"2017-05-09 17:00";0,7;3,1;;71,6;10,0;1,5;5,0;358;1,7
"2017-05-09 16:00";0,5;2,2;;74,0;8,1;0,4;4,9;341;1,2
"2017-05-09 15:00";0,5;3,1;;71,4;9,6;1,5;4,7;353;1,7
"2017-05-09 14:00";0,6;2,1;;71,2;9,6;3,3;4,4;14;1,7
"2017-05-09 13:00";0,4;2,1;;72,3;16,6;2,6;4,6;2;1,5
"2017-05-09 12:00";0,3;2,0;;71,3;16,6;1,5;4,2;11;1,8
"2017-05-09 11:00";0,4;2,7;;69,0;8,1;1,1;4,2;354;1,7
"2017-05-09 10:00";0,5;2,7;;67,2;6,7;1,5;3,9;3;1,9
"2017-05-09 09:00";0,5;3,8;;66,6;14,8;3,3;3,2;356;1,8
"2017-05-09 08:00";1,6;6,0;;64,7;18,5;4,8;2,0;344;1,7
"2017-05-09 07:00";1,0;6,3;;61,6;9,6;5,1;0,4;337;1,2
"2017-05-09 06:00";0,6;6,0;;62,0;5,9;4,0;-0,6;332;1,1
"2017-05-09 05:00";1,7;4,2;;64,1;6,3;3,3;-0,7;321;1,4
"2017-05-09 04:00";2,6;4,4;;65,0;7,4;2,9;-0,5;329;1,2
"2017-05-09 03:00";3,2;3,6;;67,1;7,4;1,1;-0,1;331;1,0
"2017-05-09 02:00";2,5;2,9;;70,0;7,4;0,7;0,5;334;1,2
"2017-05-09 01:00";0,0;3,0;;71,9;8,1;1,8;1,2;336;1,3
"2017-05-09 00:00";0,0;4,6;;72,7;8,1;1,5;2,1;333;1,4
"2017-05-08 23:00";-0,1;4,4;;75,0;9,2;1,8;3,1;343;1,3
"2017-05-08 22:00";0,1;4,1;;78,8;11,1;3,7;4,2;345;1,8
"2017-05-08 21:00";-0,0;3,6;;80,9;12,9;4,0;5,3;350;2,0
"2017-05-08 20:00";-0,0;2,8;;83,9;17,4;3,3;6,4;360;2,4
"2017-05-08 19:00";0,2;3,8;;85,0;28,5;9,5;7,3;348;2,7
"2017-05-08 18:00";3,2;5,5;;84,3;25,5;9,9;7,6;358;2,3
"2017-05-08 17:00";1,3;4,0;;85,9;14,4;3,3;7,7;359;2,6
"2017-05-08 16:00";1,8;3,1;;87,1;16,3;2,2;7,7;4;2,4
"2017-05-08 15:00";1,9;2,7;;87,5;17,7;1,8;7,6;14;2,7
"2017-05-08 14:00";1,1;3,1;;85,2;22,9;2,9;7,0;23;2,8
"2017-05-08 13:00";0,3;3,1;;82,5;28,5;3,7;6,8;18;2,6
"2017-05-08 12:00";0,1;3,7;;79,1;25,1;3,7;5,8;19;2,8
"2017-05-08 11:00";0,3;3,1;;76,6;19,2;3,7;5,3;26;2,6
"2017-05-08 10:00";0,4;4,7;;72,4;15,5;2,9;4,2;32;2,5
"2017-05-08 09:00";0,2;6,1;;69,8;18,8;2,6;3,2;34;2,1
"2017-05-08 08:00";0,1;4,7;;72,9;13,7;2,6;3,1;30;2,2
"2017-05-08 07:00";0,1;2,1;;77,0;5,9;2,6;3,3;29;1,5
"2017-05-08 06:00";0,0;1,4;;78,3;7,4;4,0;3,4;35;2,1
"2017-05-08 05:00";0,6;0,8;;77,2;6,7;5,5;3,5;40;2,2
"2017-05-08 04:00";0,8;0,7;;75,9;7,0;5,1;3,9;34;1,7
"2017-05-08 03:00";0,6;1,4;;74,9;9,2;4,0;3,6;37;1,6
"2017-05-08 02:00";0,8;2,4;;75,4;9,6;4,0;2,6;341;1,3
"2017-05-08 01:00";1,0;3,1;;77,6;10,7;4,4;3,0;328;1,6
"2017-05-08 00:00";1,4;4,9;;79,1;11,8;4,8;3,9;331;1,4
"2017-05-07 23:00";1,0;4,5;;81,0;11,1;4,8;4,9;347;1,0
"2017-05-07 22:00";1,5;4,1;;84,1;13,3;4,4;6,1;353;1,2
"2017-05-07 21:00";0,7;2,6;;89,8;14,0;4,0;7,9;5;1,7
"2017-05-07 20:00";0,7;2,7;;94,6;10,7;3,3;9,5;2;2,0
"2017-05-07 19:00";1,2;2,5;;101,0;9,2;2,2;10,3;351;1,7
"2017-05-07 18:00";1,0;2,2;;100,6;9,2;0,7;10,7;344;1,8
"2017-05-07 17:00";1,8;2,2;;100,6;10,7;0,0;10,6;342;2,0
"2017-05-07 16:00";1,2;1,8;;99,5;11,1;1,1;10,4;0;1,9
"2017-05-07 15:00";1,8;1,6;;99,9;10,0;2,2;10,1;10;1,7
"2017-05-07 14:00";1,5;1,6;;95,2;10,0;2,2;9,6;355;2,1
"2017-05-07 13:00";0,3;1,5;;90,1;10,7;1,5;9,1;30;1,9
"2017-05-07 12:00";0,3;1,8;;86,6;9,6;0,4;8,6;41;1,7
"2017-05-07 11:00";0,3;2,9;;83,9;6,3;0,4;7,6;42;1,7
"2017-05-07 10:00";0,4;2,2;0,17;84,2;5,5;1,5;7,4;64;2,0
"2017-05-07 09:00";0,4;1,7;0,17;82,4;5,9;2,9;6,9;69;1,6
"2017-05-07 08:00";0,4;1,0;0,17;80,3;5,5;4,0;5,7;58;1,4
"2017-05-07 07:00";0,6;1,1;0,17;78,1;5,2;4,4;4,9;45;0,9
"2017-05-07 06:00";0,6;1,8;0,18;74,3;8,5;4,4;3,8;13;0,7
"2017-05-07 05:00";0,7;2,9;0,17;72,8;11,1;5,1;4,2;24;0,7
"2017-05-07 04:00";0,9;4,8;0,17;70,9;10,3;4,4;5,0;69;0,6
"2017-05-07 03:00";0,8;5,4;0,18;72,1;10,0;2,6;5,7;65;1,1
"2017-05-07 02:00";1,3;3,2;0,20;79,3;11,1;2,9;5,8;341;0,8
"2017-05-07 01:00";0,7;4,5;0,20;81,9;11,8;4,0;6,6;348;1,1
"2017-05-07 00:00";0,3;8,8;0,22;81,1;10,7;4,8;7,7;343;1,0
"2017-05-06 23:00";0,5;9,3;0,24;83,4;12,9;4,4;8,7;334;0,8
"2017-05-06 22:00";0,5;5,1;0,22;89,9;11,8;2,9;10,0;2;0,8
"2017-05-06 21:00";0,4;2,2;0,18;96,2;8,1;1,8;11,3;12;1,4
"2017-05-06 20:00";0,5;2,7;0,18;93,4;8,5;1,5;12,1;16;1,7
"2017-05-06 19:00";0,9;2,5;0,18;87,9;11,5;2,9;12,8;16;1,8
"2017-05-06 18:00";1,3;2,4;0,18;85,3;11,1;4,8;13,7;11;1,8
"2017-05-06 17:00";1,8;2,3;0,18;89,3;11,8;3,7;14,2;19;1,8
"2017-05-06 16:00";1,5;2,4;0,18;85,0;15,9;2,6;14,6;15;2,1
"2017-05-06 15:00";1,6;5,0;0,19;83,2;14,4;2,2;15,5;358;1,9
"2017-05-06 14:00";0,8;5,4;0,18;83,8;12,2;1,5;17,1;331;2,3
"2017-05-06 13:00";1,0;3,1;0,17;85,2;13,7;1,8;17,8;311;1,9
"2017-05-06 12:00";0,6;3,1;0,18;89,8;17,0;2,2;16,3;274;1,4
"2017-05-06 11:00";0,5;3,7;0,18;90,9;18,5;1,8;14,3;240;1,3
"2017-05-06 10:00";0,6;3,8;0,18;89,1;16,6;1,1;12,5;244;1,2
"2017-05-06 09:00";0,4;3,7;0,18;86,9;10,7;1,1;10,8;265;1,0
"2017-05-06 08:00";0,9;3,9;0,18;84,8;7,4;1,5;9,2;266;0,8
"2017-05-06 07:00";2,0;4,3;0,17;81,4;9,2;1,1;7,5;254;0,8
"2017-05-06 06:00";1,3;2,3;0,17;84,8;12,9;1,5;6,6;270;1,0
"2017-05-06 05:00";0,5;2,4;0,17;86,7;12,9;2,6;6,7;281;1,0
"2017-05-06 04:00";0,7;2,4;0,17;88,1;10,3;2,2;7,2;282;0,8
"2017-05-06 03:00";0,7;2,8;0,17;89,1;11,1;1,1;7,9;274;1,1
"2017-05-06 02:00";0,7;2,5;0,17;91,0;12,9;0,7;8,8;282;1,0
"2017-05-06 01:00";1,3;5,0;0,18;89,2;13,7;1,5;9,8;275;1,0
"2017-05-06 00:00";0,8;5,7;0,20;89,1;15,1;2,9;10,9;264;0,8
"2017-05-05 23:00";0,3;6,6;0,21;90,9;14,8;3,7;12,1;262;1,0
"2017-05-05 22:00";0,4;9,6;0,22;90,5;13,7;3,3;13,6;269;0,9
"2017-05-05 21:00";0,2;7,6;0,21;95,3;20,3;2,6;15,4;255;0,9
"2017-05-05 20:00";0,2;6,5;0,20;99,1;25,1;1,5;17,1;258;1,2
"2017-05-05 19:00";0,4;7,4;0,20;100,3;25,9;0,4;17,6;274;1,5
"2017-05-05 18:00";0,5;8,2;0,20;99,1;20,7;-0,4;17,8;282;1,6
"2017-05-05 17:00";1,4;5,5;0,19;98,7;13,7;-0,7;17,5;280;1,5
"2017-05-05 16:00";2,0;3,6;0,18;97,3;15,5;0,0;16,8;269;1,3
"2017-05-05 15:00";1,5;3,3;0,19;94,8;14,8;1,1;16,1;258;1,1
"2017-05-05 14:00";1,8;3,9;0,19;92,5;13,7;1,5;15,1;271;1,1
"2017-05-05 13:00";1,6;3,4;0,18;94,3;15,9;1,8;13,9;259;1,1
"2017-05-05 12:00";2,8;3,9;0,18;88,9;14,8;3,3;12,5;256;1,1
"2017-05-05 11:00";4,7;6,0;0,20;78,7;17,7;5,1;11,1;261;1,1
"2017-05-05 10:00";6,9;10,3;0,22;73,1;27,7;5,5;9,7;277;1,0
"2017-05-05 09:00";8,2;24,8;0,30;57,9;29,2;5,5;8,3;152;0,6
"2017-05-05 08:00";3,3;24,3;0,27;47,5;20,7;6,2;5,6;352;0,7
"2017-05-05 07:00";2,6;17,8;0,24;42,5;17,7;5,9;3,0;325;0,9
"2017-05-05 06:00";1,2;14,2;0,22;40,4;18,1;5,1;2,1;311;0,4
"2017-05-05 05:00";1,4;11,3;0,23;44,3;17,4;4,8;2,5;316;0,4
"2017-05-05 04:00";1,5;12,9;0,27;42,7;14,8;4,8;3,1;315;0,5
"2017-05-05 03:00";3,0;8,2;0,27;56,1;15,9;5,1;4,0;313;0,4
"2017-05-05 02:00";3,2;7,9;0,25;63,3;20,0;6,2;4,8;318;0,5
"2017-05-05 01:00";3,0;11,0;0,27;63,6;17,0;7,7;5,8;332;0,6
"2017-05-05 00:00";2,2;9,1;0,29;68,4;15,1;6,6;6,6;348;0,6
"2017-05-04 23:00";1,2;9,9;0,23;68,9;17,7;4,4;7,6;350;0,6
"2017-05-04 22:00";0,8;6,8;0,20;72,6;17,7;4,0;9,2;9;1,0
"2017-05-04 21:00";0,8;4,6;0,19;79,5;14,8;4,0;10,9;7;1,1
"2017-05-04 20:00";1,0;3,8;0,19;86,3;11,8;2,9;12,3;2;1,4
"2017-05-04 19:00";1,0;3,7;0,19;90,6;13,3;2,2;12,7;23;1,3
"2017-05-04 18:00";1,0;2,7;0,19;92,5;16,6;2,9;12,8;14;1,4
"2017-05-04 17:00";1,4;3,3;0,18;93,7;14,0;2,9;12,5;27;1,4
"2017-05-04 16:00";1,3;4,3;0,19;90,9;12,6;1,1;12,0;52;1,9
"2017-05-04 15:00";0,5;2,8;0,18;87,0;13,7;0,7;11,8;359;1,9
"2017-05-04 14:00";0,5;1,8;0,17;88,8;11,1;1,5;11,3;354;1,8
"2017-05-04 13:00";2,4;3,3;0,18;85,7;11,8;0,7;10,8;11;1,6
"2017-05-04 12:00";1,2;4,3;0,19;80,8;12,6;1,5;10,4;12;1,7
"2017-05-04 11:00";1,1;5,5;0,18;76,1;10,7;2,9;9,8;26;1,7
"2017-05-04 10:00";1,3;8,7;0,20;67,2;15,1;3,3;9,1;43;1,6
"2017-05-04 09:00";1,6;10,3;0,21;61,4;18,1;4,8;7,7;36;1,7
"2017-05-04 08:00";1,4;7,2;0,23;58,8;15,5;5,1;5,9;4;1,3
"2017-05-04 07:00";1,2;5,6;0,21;60,5;11,5;3,7;4,0;345;1,1
"2017-05-04 06:00";0,9;5,9;0,21;62,7;8,9;3,7;3,0;336;1,0
"2017-05-04 05:00";1,3;4,4;0,21;67,9;8,9;4,4;3,2;340;1,1
"2017-05-04 04:00";1,6;3,3;0,19;71,5;8,1;4,0;3,5;344;0,9
"2017-05-04 03:00";2,5;2,2;0,18;75,3;6,7;2,2;4,1;344;1,1
"2017-05-04 02:00";2,8;1,9;0,18;77,1;6,3;0,4;4,7;341;1,3
"2017-05-04 01:00";2,0;1,7;0,18;78,9;10,0;2,2;5,5;345;1,5
"2017-05-04 00:00";0,8;3,5;0,20;76,5;13,7;4,8;6,3;349;1,0
"2017-05-03 23:00";-0,0;6,1;0,20;75,2;14,8;4,4;7,2;357;0,9
"2017-05-03 22:00";-0,1;9,6;0,25;73,5;12,9;3,7;8,2;355;0,9
"2017-05-03 21:00";0,0;3,1;0,18;85,8;11,8;2,9;9,5;12;1,4
"2017-05-03 20:00";1,5;2,8;0,19;92,4;12,2;1,5;10,5;9;2,1
"2017-05-03 19:00";1,8;2,6;0,19;92,1;14,4;0,7;11,2;15;2,1
"2017-05-03 18:00";1,2;3,4;0,18;89,2;15,1;0,4;11,7;17;2,1
"2017-05-03 17:00";0,7;2,6;0,18;86,5;12,2;0,4;12,2;3;2,1
"2017-05-03 16:00";1,1;2,7;0,18;86,8;10,0;-0,4;12,6;10;1,8
"2017-05-03 15:00";1,1;2,5;0,18;88,7;7,4;-1,5;12,3;355;1,6
"2017-05-03 14:00";1,3;2,2;0,17;88,6;9,6;0,0;12,1;354;1,4
"2017-05-03 13:00";1,6;2,8;0,17;87,8;13,3;0,7;11,7;347;1,5
"2017-05-03 12:00";0,9;2,5;0,17;88,1;10,7;-0,4;11,1;353;1,4
"2017-05-03 11:00";0,7;3,2;0,18;85,7;7,4;-0,7;10,4;339;1,8
"2017-05-03 10:00";1,4;3,4;0,17;82,9;8,5;0,4;9,5;13;1,6
"2017-05-03 09:00";3,5;7,1;0,19;75,1;10,0;2,2;8,3;354;1,5
"2017-05-03 08:00";2,1;7,7;0,20;71,3;10,3;3,7;6,8;2;1,1
"2017-05-03 07:00";1,3;7,0;0,19;68,8;10,0;4,0;5,1;337;1,0
"2017-05-03 06:00";0,7;5,4;0,21;70,3;10,0;3,3;4,4;331;0,9
"2017-05-03 05:00";1,0;4,8;0,18;72,3;11,1;2,9;4,9;324;0,9
"2017-05-03 04:00";0,4;5,4;0,19;73,4;10,3;2,9;5,5;315;0,9
"2017-05-03 03:00";0,4;4,6;0,18;80,1;10,3;3,3;6,5;313;1,0
"2017-05-03 02:00";0,5;6,0;0,19;80,4;12,6;4,0;7,4;305;0,8
"2017-05-03 01:00";0,3;6,6;0,20;82,0;15,1;4,8;8,5;308;0,8
"2017-05-03 00:00";0,0;10,4;0,26;81,7;20,3;5,9;9,9;308;1,2
"2017-05-02 23:00";-0,1;28,1;0,40;62,9;20,7;6,2;10,7;297;0,6
"2017-05-02 22:00";-0,3;20,5;0,28;77,2;15,5;4,8;12,5;312;1,0
"2017-05-02 21:00";-0,4;17,0;0,25;86,4;11,8;3,7;14,2;314;1,3
"2017-05-02 20:00";-0,3;7,4;0,21;98,3;10,7;3,7;15,3;313;1,6
"2017-05-02 19:00";-0,2;8,3;0,20;99,8;11,8;2,9;15,7;314;1,4
"2017-05-02 18:00";-0,1;6,9;0,20;97,5;11,1;1,8;15,4;319;2,0
"2017-05-02 17:00";-0,1;5,8;0,19;96,2;8,9;1,5;15,1;327;1,9
"2017-05-02 16:00";-0,1;4,4;0,19;97,1;11,1;1,1;14,4;330;1,8
"2017-05-02 15:00";0,1;4,6;0,18;96,5;11,5;0,4;13,6;323;2,2
"2017-05-02 14:00";0,5;3,3;0,18;95,7;8,9;0,7;12,8;334;1,8
"2017-05-02 13:00";1,3;2,9;0,18;93,7;8,5;2,2;11,8;343;1,5
"2017-05-02 12:00";0,9;2,8;0,18;93,4;10,7;2,9;10,9;348;1,5
"2017-05-02 11:00";1,0;4,3;0,19;91,0;12,9;3,3;10,4;337;2,0
"2017-05-02 10:00";1,7;6,4;0,20;82,8;15,5;4,8;9,7;345;1,7
"2017-05-02 09:00";3,1;14,7;0,23;67,9;21,1;6,6;8,2;335;1,6
"2017-05-02 08:00";2,4;18,7;0,27;52,1;21,4;8,1;5,1;324;1,7
"2017-05-02 07:00";0,7;14,3;0,21;58,1;15,9;8,8;3,9;316;1,5
"2017-05-02 06:00";0,9;12,5;0,21;57,8;12,2;8,4;3,4;286;0,6
"2017-05-02 05:00";0,5;12,7;0,22;59,0;17,0;8,8;4,0;307;1,1
"2017-05-02 04:00";0,6;8,9;0,28;51,0;21,4;9,9;4,2;291;0,7
"2017-05-02 03:00";0,6;6,5;0,28;55,0;16,3;9,9;4,7;243;0,3
"2017-05-02 02:00";1,1;14,3;0,34;50,4;16,3;9,9;5,2;279;0,4
"2017-05-02 01:00";0,6;6,4;0,29;69,1;23,6;11,4;6,5;167;0,8
"2017-05-02 00:00";0,3;22,4;0,42;49,8;29,2;11,7;7,5;109;0,2
"2017-05-01 23:00";0,2;17,9;0,36;61,6;21,1;9,9;8,8;323;0,4
"2017-05-01 22:00";0,2;8,8;0,25;75,9;12,9;7,7;10,3;3;0,7
"2017-05-01 21:00";0,1;5,7;0,22;81,3;11,5;7,0;11,3;5;0,8
"2017-05-01 20:00";0,1;4,9;0,20;85,5;7,0;4,8;11,6;28;0,7
"2017-05-01 19:00";-0,1;5,3;0,19;87,0;10,3;4,0;11,9;63;1,1
"2017-05-01 18:00";0,1;6,3;0,20;86,4;15,5;7,3;11,9;85;1,5
"2017-05-01 17:00";0,3;5,3;0,21;89,2;14,4;6,6;11,7;94;1,8
"2017-05-01 16:00";0,5;3,8;0,21;89,8;12,9;4,8;11,8;63;1,1
"2017-05-01 15:00";0,5;1,8;0,22;91,9;12,2;4,8;11,6;350;1,3
"2017-05-01 14:00";0,8;2,1;0,20;91,5;10,3;5,1;10,9;1;0,9
"2017-05-01 13:00";1,3;2,4;0,20;90,4;10,0;5,5;9,6;91;0,9
"2017-05-01 12:00";1,8;2,9;0,20;89,2;9,2;5,9;8,4;66;0,8
"2017-05-01 11:00";2,4;2,6;0,20;87,4;9,2;8,1;7,2;23;0,3
"2017-05-01 10:00";2,5;4,2;0,22;82,3;16,6;11,0;5,9;340;1,0
"2017-05-01 09:00";3,8;17,7;0,30;62,2;26,6;15,0;4,8;348;0,8
"2017-05-01 08:00";1,8;21,8;0,38;39,3;27,7;19,1;2,6;91;0,5
"2017-05-01 07:00";1,1;18,2;0,43;37,2;28,5;23,1;-0,3;156;0,6
"2017-05-01 06:00";1,1;11,7;0,44;34,4;37,7;29,4;-0,8;172;0,9
"2017-05-01 05:00";1,6;13,7;0,44;37,1;40,6;27,5;-0,4;162;0,3
"2017-05-01 04:00";1,4;18,8;0,48;46,3;32,5;22,8;0,7;83;0,2
"2017-05-01 03:00";1,7;7,8;0,42;64,8;26,6;19,8;1,4;257;0,2
"2017-05-01 02:00";1,3;8,8;0,43;65,7;27,0;17,6;1,8;238;0,6
"2017-05-01 01:00";1,3;13,7;0,42;65,1;35,5;24,2;2,5;238;0,6
"2017-05-01 00:00";1,7;39,1;0,58;45,0;38,8;25,7;2,8;246;0,6
